LINIJA 100 200 200 200
LINIJA 300 200 200 200
LINIJA 200 100 200 200
LINIJA 200 300 200 200
LINIJA 300 300 200 200
LINIJA 300 250 200 200
LINIJA 250 300 200 200
LINIJA 300 100 200 200
LINIJA 300 150 200 200
LINIJA 250 100 200 200
LINIJA 100 100 200 200
LINIJA 100 150 200 200
LINIJA 150 100 200 200
LINIJA 100 300 200 200
LINIJA 100 250 200 200
LINIJA 150 300 200 200
LINIJA 210 100 200 200
LINIJA 190 100 200 200
LINIJA 210 300 200 200
LINIJA 190 300 200 200
LINIJA 100 210 200 200
LINIJA 100 190 200 200
LINIJA 300 210 200 200
LINIJA 300 190 200 200

KRUG 200 200 25
KRUG 300 300 30
KRUG 100 300 30
KRUG 300 100 30
KRUG 100 100 30

ELIPSA 200 50 100 50
ELIPSA 200 350 100 50
ELIPSA 50 200 50 100
ELIPSA 350 200 50 100

KVADRAT 0 0 79
KVADRAT 321 0 79 79
KVADRAT 0 321 79 79
KVADRAT 321 321 79

PRAVOKUTNIK 120 120 160 20
PRAVOKUTNIK 120 120 20 160
PRAVOKUTNIK 120 260 160 20
PRAVOKUTNIK 260 120 20 160